0.285714	0.0510622	0
0.285714	0.164969	0.0256983
0.285714	0.0343219	0.0359639
0.261905	0.0471076	0.0868742
0.190476	0.0404387	0.0460015
0.214286	0.971254	0.025313
0.261905	0.978545	0.0769423
0.285714	0.961115	0.0673381
0.285714	0.951234	0.0300813
0.309524	0.390252	0.0137214
0.261905	0.0281152	0.0586904
0.261905	0.000746908	0.195256
0.238095	0.00390449	0.271082
0.0952381	0.00570914	0.251421
0.0238095	0.00199476	0.103257
0.0238095	0.00199476	0.103257
0	0.00199476	0.0256983
0	0.998952	0.122395
0.047619	0.99995	0.464766
0.142857	0.999855	0.922925
0.785714	1	1
0.97619	0.996349	0.545301
1	0.997607	0.0662697
1	0	0.0156459
0.97619	0.00166846	0.102962
0.928571	0.0116021	0.176393
0.833333	0.00576256	0.167124
0.809524	0.000171751	0.0977962
0.785714	0.00218527	0.0564241
0.785714	0.000700143	0.0594543
0.785714	0.000700143	0.0594543
0.714286	0.00273373	0.0433049
0.761905	0.00426311	0.0349884
0.714286	0.0287499	0.0633764
0.714286	0.00165375	0.0975928
0.666667	0.00330849	0.133591
0.595238	0.000306998	0.113881
0.571429	0.00917692	0.0660966
0.571429	0.0026958	0.0462876
0.547619	0.0448356	0.0827998
0.5	0.0481326	0.156447
0.428571	0.0411584	0.11409
0.428571	0.0371144	0.0613109
0.428571	0.0954905	0.0631296
0.404762	0.153644	0.0799366
0.357143	0.0552592	0.0595485
0.309524	0.448491	0.0164632
0.380952	0.992313	0.0417559
0.404762	0.796703	0.0564793
0.428571	0.600404	0.0562767
